lienBidir_15168281292            258.990347 2.09800976 2.10751593 
lienBidir_15168264128            127.941393 3.70161357 3.69881342 
lienBidir_27898405251            198.841646 2.65911243 2.65904819 
lienBidir_264128331196           95.4620343 2.11778264 2.11747613 
lienBidir_26412827898            33.1058907 0.90234059 0.90216154 
lienBidir_331196414268           109.877204 2.87838449 2.87788569 
lienBidir_702178889138           191.230228 1.7003946  1.69663873 
lienBidir_702178605268           132.321578 3.28517455 3.28520423 
lienBidir_889138880319           181.223619 1.61141712 1.60785778 
lienBidir_l68232238280           176.64654  3.91559379 3.91559379 
lienBidir_232151682              183.806964 4.07458341 4.07458353 
totoroute                        62.0725382 1.37591625 1.37591625 
lienBidir_238280281292           44.6430286 1.95522928 1.93214855 
lienBidir_238280216394           116.103402 2.73991817 2.71720334 
lienBidir_281292280398           106.004717 1.28427286 1.29618648 
lienBidir_281292328258           58.00862   2.3795359  2.38051818 
lienBidir_375311328258           70.837843  2.37812944 2.37388057 
lienBidir_375311396363           56.0802996 1.69158301 1.68623535 
lienBidir_396363385395           33.8378486 1.35083333 1.3451172  
lienBidir_21639468232            219.426525 2.86895495 2.86883151 
routeZone2nord                   99.0050504 4.86940938 4.87027833 
lienBidir_385395409395           24         0.7016034  0.69952174 
lienBidir_385395280398           105.042848 2.4188218  2.42567934 
lienBidir_385395370459           65.7343137 2.40618174 2.36533156 
lienBidir_280398216394           64.1248782 0.91470915 0.91721861 
lienBidir_280398276529           131.061054 1.40270513 1.40664105 
pont de MSP                      28.2842712 0.76071111 0.76237135 
Pont de la citadelle             12.0415946 0.41224927 0.41115599 
lienBidir_485233501213           25.6124969 0.35255847 0.35276888 
lienBidir_521233576173           81.394103  1.80420315 1.80420315 
lienBidir_521233549279           53.8516481 1.78768291 1.79127846 
lienBidir_493242521233           29.4108823 0.72648211 0.72616026 
Pont de la porte de France       19.2353841 0.78524697 0.78510027 
lienBidir_405251485233           82         1.09129121 1.09127406 
lienBidir_414268402313           46.5725241 1.63924657 1.62981475 
lienBidir_414268493242           83.1685037 1.95395349 1.95540109 
lienBidir_549279568312           38.0788655 2.63409045 2.65932443 
lienBidir_568312594322           27.8567766 1.54957463 1.5277347  
lienBidir_568312605268           57.4891294 1.04844206 1.04953636 
lienBidir_402313375311           27.0739727 0.76667265 0.76696005 
lienBidir_402313396363           50.3587132 2.40971839 2.39948404 
lienBidir_594322568356           42.8018691 1.18485996 1.1545907  
lienBidir_594322696329           102.239914 4.67260172 4.76123224 
lienBidir_457324414268           70.6045324 1.82216963 1.81697235 
lienBidir_457324402313           56.0892146 2.11051743 2.11510312 
lienBidir_457324497361           54.4885309 3.59618092 3.61450371 
lienBidir_568356672358           104.019229 5.13580642 5.06108667 
lienBidir_497361409395           94.3398113 1.73882101 1.74139358 
lienBidir_497361513378           23.3452351 2.34430296 2.32102531 
lienBidir_497361568312           86.2670273 2.22536518 2.23573956 
lienBidir_513378502514           136.444128 5.91032128 5.85254819 
lienBidir_513378553468           98.488578  5.25769279 5.33058356 
lienBidir_513378568356           59.2368129 1.96338875 1.93468697 
lienBidir_409395396363           34.5398321 1.22834395 1.23260976 
lienBidir_605268549279           57.0701323 2.89461099 2.90492512 
lienBidir_696329776353           83.5224521 2.02114598 2.03436796 
lienBidir_776353852375           79.1201618 2.06924991 2.0702272  
lienBidir_672358696329           37.6430604 1.65943842 1.64144932 
lienBidir_672358683419           61.9838689 1.70248707 1.67945136 
lienBidir_766393672358           100.304536 2.46054429 2.41670032 
lienBidir_766393776353           41.2310563 1.25556416 1.24423536 
lienBidir_852375880319           62.6099034 0.5942183  0.59580343 
lienBidir_370459345565           108.908218 2.90615898 2.8879804  
lienBidir_215493264626           141.739197 5.65921828 5.66304115 
lienBidir_276529345565           77.8267306 2.93697521 2.91260785 
lienBidir_345565331627           63.5609943 1.60326489 1.60043201 
lienBidir_345565379591           42.8018691 2.9904096  2.9504621  
lienBidir_379591413611           39.4461658 2.04563446 2.04952709 
lienBidir_553468651437           102.786186 2.31962093 2.32886843 
lienBidir_446487370459           80.9938269 2.45781619 2.44867566 
lienBidir_446487379591           123.713378 3.42215798 3.45481752 
lienBidir_564502553468           35.7351368 2.11946308 2.11826642 
lienBidir_564502626555           81.5659243 2.1306107  2.12812748 
lienBidir_502514446487           62.1691242 3.60503361 3.6634905  
lienBidir_502514564502           63.1506136 4.05475769 4.04696384 
lienBidir_591594483622           111.570605 2.47310347 2.47310347 
lienBidir_591594564502           95.8801335 2.37051219 2.37021574 
lienBidir_683419766393           86.9770085 1.92795531 1.92795531 
lienBidir_683419651437           36.7151195 1.29075944 1.31177849 
lienBidir_648491651437           54.0832691 1.90115661 1.88483277 
lienBidir_648491696545           72.2495675 2.51793862 2.53974556 
TotorouteE712_4_5                137.637204 1.65826411 1.66165063 
TotorouteE712_4_2                230.729279 2.05178566 2.05650065 
lienBidir_626555648491           67.6756973 1.76777945 1.76571911 
lienBidir_626555591594           52.40229   1.16156298 1.16156298 
lienBidir_264626276529           97.7394496 1.09503615 1.08770443 
lienBidir_331627264626           67.0074623 0.91154634 0.90494353 
lienBidir_331627399699           99.0353472 1.25161181 1.25980839 
lienBidir_399699413611           89.1066776 2.63209191 2.63090044 
lienBidir_399699518709           119.419429 0.99509506 0.99540064 
lienBidir_413611483622           70.859015  2.28772134 2.29064629 
lienBidir_483622502514           109.658561 4.45096785 4.55891197 
lienBidir_518709483622           93.7763296 2.11428875 2.11421969 
lienBidir_518709616657           110.941426 0.9330995  0.93340856 
lienBidir_616657591594           67.7790528 1.67574934 1.67553978 
