VHT BY CLASS AND TIME RATIO

  Ratio     Freeway    Expressway      Major        Minor      Collector      Local        Other       User A       User B       User C       User D       User P       User Q       User R   

1.0- 1.1          0.0          0.0          0.0          0.0          0.0          0.0      39396.1          0.0          0.0          0.0          0.0          0.0          0.0          0.0
1.1- 1.2          0.0          0.0          0.0          0.0          0.0          0.0     107877.0          0.0          0.0          0.0          0.0          0.0          0.0          0.0
1.2- 1.3          0.0          0.0          0.0          0.0          0.0          0.0     214410.5          0.0          0.0          0.0          0.0          0.0          0.0          0.0
1.3- 1.4          0.0          0.0          0.0          0.0          0.0          0.0     111598.1          0.0          0.0          0.0          0.0          0.0          0.0          0.0
1.4- 1.5          0.0          0.0          0.0          0.0          0.0          0.0     110306.6          0.0          0.0          0.0          0.0          0.0          0.0          0.0
1.5- 1.6          0.0          0.0          0.0          0.0          0.0          0.0      89887.8          0.0          0.0          0.0          0.0          0.0          0.0          0.0
1.6- 1.7          0.0          0.0          0.0          0.0          0.0          0.0     210733.6          0.0          0.0          0.0          0.0          0.0          0.0          0.0
1.7- 1.8          0.0          0.0          0.0          0.0          0.0          0.0     179099.7          0.0          0.0          0.0          0.0          0.0          0.0          0.0
1.8- 1.9          0.0          0.0          0.0          0.0          0.0          0.0     166597.7          0.0          0.0          0.0          0.0          0.0          0.0          0.0
1.9- 2.0          0.0          0.0          0.0          0.0          0.0          0.0     295951.5          0.0          0.0          0.0          0.0          0.0          0.0          0.0
2.0- 2.1          0.0          0.0          0.0          0.0          0.0          0.0      29248.7          0.0          0.0          0.0          0.0          0.0          0.0          0.0
2.1- 2.2          0.0          0.0          0.0          0.0          0.0          0.0      69832.3          0.0          0.0          0.0          0.0          0.0          0.0          0.0
2.2- 2.3          0.0          0.0          0.0          0.0          0.0          0.0     168130.0          0.0          0.0          0.0          0.0          0.0          0.0          0.0
2.3- 2.4          0.0          0.0          0.0          0.0          0.0          0.0      64476.3          0.0          0.0          0.0          0.0          0.0          0.0          0.0
2.4- 2.5          0.0          0.0          0.0          0.0          0.0          0.0      72131.9          0.0          0.0          0.0          0.0          0.0          0.0          0.0
2.5- 2.6          0.0          0.0          0.0          0.0          0.0          0.0      21487.3          0.0          0.0          0.0          0.0          0.0          0.0          0.0
2.6- 2.7          0.0          0.0          0.0          0.0          0.0          0.0      26028.5          0.0          0.0          0.0          0.0          0.0          0.0          0.0
2.7- 2.8          0.0          0.0          0.0          0.0          0.0          0.0      58800.6          0.0          0.0          0.0          0.0          0.0          0.0          0.0
2.8- 2.9          0.0          0.0          0.0          0.0          0.0          0.0          0.0          0.0          0.0          0.0          0.0          0.0          0.0          0.0
2.9- 3.0          0.0          0.0          0.0          0.0          0.0          0.0      64253.5          0.0          0.0          0.0          0.0          0.0          0.0          0.0
3.0- 3.1          0.0          0.0          0.0          0.0          0.0          0.0      58630.9          0.0          0.0          0.0          0.0          0.0          0.0          0.0
3.1- 3.2          0.0          0.0          0.0          0.0          0.0          0.0      46673.5          0.0          0.0          0.0          0.0          0.0          0.0          0.0
3.2- 3.3          0.0          0.0          0.0          0.0          0.0          0.0      48219.8          0.0          0.0          0.0          0.0          0.0          0.0          0.0
3.3- 3.4          0.0          0.0          0.0          0.0          0.0          0.0          0.0          0.0          0.0          0.0          0.0          0.0          0.0          0.0
3.4- 3.5          0.0          0.0          0.0          0.0          0.0          0.0          0.0          0.0          0.0          0.0          0.0          0.0          0.0          0.0
3.5- 3.6          0.0          0.0          0.0          0.0          0.0          0.0          0.0          0.0          0.0          0.0          0.0          0.0          0.0          0.0
3.6- 3.7          0.0          0.0          0.0          0.0          0.0          0.0          0.0          0.0          0.0          0.0          0.0          0.0          0.0          0.0
3.7- 3.8          0.0          0.0          0.0          0.0          0.0          0.0          0.0          0.0          0.0          0.0          0.0          0.0          0.0          0.0
3.8- 3.9          0.0          0.0          0.0          0.0          0.0          0.0          0.0          0.0          0.0          0.0          0.0          0.0          0.0          0.0
3.9- 4.0          0.0          0.0          0.0          0.0          0.0          0.0          0.0          0.0          0.0          0.0          0.0          0.0          0.0          0.0
4.0- 4.1          0.0          0.0          0.0          0.0          0.0          0.0          0.0          0.0          0.0          0.0          0.0          0.0          0.0          0.0
4.1- 4.2          0.0          0.0          0.0          0.0          0.0          0.0          0.0          0.0          0.0          0.0          0.0          0.0          0.0          0.0
4.2- 4.3          0.0          0.0          0.0          0.0          0.0          0.0          0.0          0.0          0.0          0.0          0.0          0.0          0.0          0.0
4.3- 4.4          0.0          0.0          0.0          0.0          0.0          0.0          0.0          0.0          0.0          0.0          0.0          0.0          0.0          0.0
4.4- 4.5          0.0          0.0          0.0          0.0          0.0          0.0          0.0          0.0          0.0          0.0          0.0          0.0          0.0          0.0
4.5- 4.6          0.0          0.0          0.0          0.0          0.0          0.0      25220.6          0.0          0.0          0.0          0.0          0.0          0.0          0.0
4.6- 4.7          0.0          0.0          0.0          0.0          0.0          0.0      25870.5          0.0          0.0          0.0          0.0          0.0          0.0          0.0
4.7- 4.8          0.0          0.0          0.0          0.0          0.0          0.0          0.0          0.0          0.0          0.0          0.0          0.0          0.0          0.0
4.8- 4.9          0.0          0.0          0.0          0.0          0.0          0.0          0.0          0.0          0.0          0.0          0.0          0.0          0.0          0.0
4.9- 5.0          0.0          0.0          0.0          0.0          0.0          0.0          0.0          0.0          0.0          0.0          0.0          0.0          0.0          0.0
5.0- 5.1          0.0          0.0          0.0          0.0          0.0          0.0          0.0          0.0          0.0          0.0          0.0          0.0          0.0          0.0
5.1- 5.2          0.0          0.0          0.0          0.0          0.0          0.0          0.0          0.0          0.0          0.0          0.0          0.0          0.0          0.0
5.2- 5.3          0.0          0.0          0.0          0.0          0.0          0.0          0.0          0.0          0.0          0.0          0.0          0.0          0.0          0.0
5.3- 5.4          0.0          0.0          0.0          0.0          0.0          0.0          0.0          0.0          0.0          0.0          0.0          0.0          0.0          0.0
5.4- 5.5          0.0          0.0          0.0          0.0          0.0          0.0          0.0          0.0          0.0          0.0          0.0          0.0          0.0          0.0
5.5- 5.6          0.0          0.0          0.0          0.0          0.0          0.0          0.0          0.0          0.0          0.0          0.0          0.0          0.0          0.0
5.6- 5.7          0.0          0.0          0.0          0.0          0.0          0.0          0.0          0.0          0.0          0.0          0.0          0.0          0.0          0.0
5.7- 5.8          0.0          0.0          0.0          0.0          0.0          0.0          0.0          0.0          0.0          0.0          0.0          0.0          0.0          0.0
5.8- 5.9          0.0          0.0          0.0          0.0          0.0          0.0          0.0          0.0          0.0          0.0          0.0          0.0          0.0          0.0
5.9- 6.0          0.0          0.0          0.0          0.0          0.0          0.0          0.0          0.0          0.0          0.0          0.0          0.0          0.0          0.0
6.0- 6.1          0.0          0.0          0.0          0.0          0.0          0.0          0.0          0.0          0.0          0.0          0.0          0.0          0.0          0.0
6.1- 6.2          0.0          0.0          0.0          0.0          0.0          0.0          0.0          0.0          0.0          0.0          0.0          0.0          0.0          0.0
6.2- 6.3          0.0          0.0          0.0          0.0          0.0          0.0          0.0          0.0          0.0          0.0          0.0          0.0          0.0          0.0
6.3- 6.4          0.0          0.0          0.0          0.0          0.0          0.0          0.0          0.0          0.0          0.0          0.0          0.0          0.0          0.0
6.4- 6.5          0.0          0.0          0.0          0.0          0.0          0.0          0.0          0.0          0.0          0.0          0.0          0.0          0.0          0.0
6.5- 6.6          0.0          0.0          0.0          0.0          0.0          0.0          0.0          0.0          0.0          0.0          0.0          0.0          0.0          0.0
6.6- 6.7          0.0          0.0          0.0          0.0          0.0          0.0          0.0          0.0          0.0          0.0          0.0          0.0          0.0          0.0
6.7- 6.8          0.0          0.0          0.0          0.0          0.0          0.0          0.0          0.0          0.0          0.0          0.0          0.0          0.0          0.0
6.8- 6.9          0.0          0.0          0.0          0.0          0.0          0.0          0.0          0.0          0.0          0.0          0.0          0.0          0.0          0.0
6.9- 7.0          0.0          0.0          0.0          0.0          0.0          0.0          0.0          0.0          0.0          0.0          0.0          0.0          0.0          0.0
7.0- 7.1          0.0          0.0          0.0          0.0          0.0          0.0          0.0          0.0          0.0          0.0          0.0          0.0          0.0          0.0
7.1- 7.2          0.0          0.0          0.0          0.0          0.0          0.0          0.0          0.0          0.0          0.0          0.0          0.0          0.0          0.0
7.2- 7.3          0.0          0.0          0.0          0.0          0.0          0.0          0.0          0.0          0.0          0.0          0.0          0.0          0.0          0.0
7.3- 7.4          0.0          0.0          0.0          0.0          0.0          0.0          0.0          0.0          0.0          0.0          0.0          0.0          0.0          0.0
7.4- 7.5          0.0          0.0          0.0          0.0          0.0          0.0          0.0          0.0          0.0          0.0          0.0          0.0          0.0          0.0
7.5- 7.6          0.0          0.0          0.0          0.0          0.0          0.0          0.0          0.0          0.0          0.0          0.0          0.0          0.0          0.0
7.6- 7.7          0.0          0.0          0.0          0.0          0.0          0.0          0.0          0.0          0.0          0.0          0.0          0.0          0.0          0.0
7.7- 7.8          0.0          0.0          0.0          0.0          0.0          0.0          0.0          0.0          0.0          0.0          0.0          0.0          0.0          0.0
7.8- 7.9          0.0          0.0          0.0          0.0          0.0          0.0          0.0          0.0          0.0          0.0          0.0          0.0          0.0          0.0
7.9- 8.0          0.0          0.0          0.0          0.0          0.0          0.0          0.0          0.0          0.0          0.0          0.0          0.0          0.0          0.0
8.0- 8.1          0.0          0.0          0.0          0.0          0.0          0.0          0.0          0.0          0.0          0.0          0.0          0.0          0.0          0.0
8.1- 8.2          0.0          0.0          0.0          0.0          0.0          0.0          0.0          0.0          0.0          0.0          0.0          0.0          0.0          0.0
8.2- 8.3          0.0          0.0          0.0          0.0          0.0          0.0          0.0          0.0          0.0          0.0          0.0          0.0          0.0          0.0
8.3- 8.4          0.0          0.0          0.0          0.0          0.0          0.0          0.0          0.0          0.0          0.0          0.0          0.0          0.0          0.0
8.4- 8.5          0.0          0.0          0.0          0.0          0.0          0.0          0.0          0.0          0.0          0.0          0.0          0.0          0.0          0.0
8.5- 8.6          0.0          0.0          0.0          0.0          0.0          0.0          0.0          0.0          0.0          0.0          0.0          0.0          0.0          0.0
8.6- 8.7          0.0          0.0          0.0          0.0          0.0          0.0          0.0          0.0          0.0          0.0          0.0          0.0          0.0          0.0
8.7- 8.8          0.0          0.0          0.0          0.0          0.0          0.0          0.0          0.0          0.0          0.0          0.0          0.0          0.0          0.0
8.8- 8.9          0.0          0.0          0.0          0.0          0.0          0.0          0.0          0.0          0.0          0.0          0.0          0.0          0.0          0.0
8.9- 9.0          0.0          0.0          0.0          0.0          0.0          0.0          0.0          0.0          0.0          0.0          0.0          0.0          0.0          0.0
9.0- 9.1          0.0          0.0          0.0          0.0          0.0          0.0          0.0          0.0          0.0          0.0          0.0          0.0          0.0          0.0
9.1- 9.2          0.0          0.0          0.0          0.0          0.0          0.0          0.0          0.0          0.0          0.0          0.0          0.0          0.0          0.0
9.2- 9.3          0.0          0.0          0.0          0.0          0.0          0.0          0.0          0.0          0.0          0.0          0.0          0.0          0.0          0.0
9.3- 9.4          0.0          0.0          0.0          0.0          0.0          0.0          0.0          0.0          0.0          0.0          0.0          0.0          0.0          0.0
9.4- 9.5          0.0          0.0          0.0          0.0          0.0          0.0          0.0          0.0          0.0          0.0          0.0          0.0          0.0          0.0
9.5- 9.6          0.0          0.0          0.0          0.0          0.0          0.0          0.0          0.0          0.0          0.0          0.0          0.0          0.0          0.0
9.6- 9.7          0.0          0.0          0.0          0.0          0.0          0.0          0.0          0.0          0.0          0.0          0.0          0.0          0.0          0.0
9.7- 9.8          0.0          0.0          0.0          0.0          0.0          0.0          0.0          0.0          0.0          0.0          0.0          0.0          0.0          0.0
9.8- 9.9          0.0          0.0          0.0          0.0          0.0          0.0          0.0          0.0          0.0          0.0          0.0          0.0          0.0          0.0
9.9-10.0          0.0          0.0          0.0          0.0          0.0          0.0          0.0          0.0          0.0          0.0          0.0          0.0          0.0          0.0
10.0+             0.0          0.0          0.0          0.0          0.0          0.0          0.0          0.0          0.0          0.0          0.0          0.0          0.0          0.0
